# Created by Octave 6.1.0, Wed Mar 17 23:59:16 2021 GMT <unknown@DESKTOP-JMCGEED>
# name: Q
# type: matrix
# rows: 900
# columns: 2
 0.38462582100148712 0.72623500541814578
 0.40308630583941563 0.95369546165582064
 0.19777991197819855 0.46408352126802377
 0.017172229214366563 0.38596445352298647
 0.50846802410617153 0.10538120314529742
 0.94575953950543379 0.53483443375843231
 0.57608252880792821 0.54910875162333006
 0.31384166092597365 0.67917862759213032
 0.89746505008542987 0.96628833303523476
 0.088403632127597498 0.81760580143128558
 0.21728722456079552 0.78798287451666638
 0.42218338595089999 0.25412202105448878
 0.89271540204582789 0.87901629013324101
 0.49083117805996179 0.53059157707680416
 0.67757066431226387 0.48309356261913061
 0.99318329080693624 0.38651743232509361
 0.90809531681292999 0.80475710565194547
 0.47561115991674718 0.94313128219121145
 0.88490381128172513 0.21673490177797416
 0.10805085020761906 0.6755526699344957
 0.76342047974665328 0.29206398939912415
 0.78574763176928653 0.95326772649267877
 0.11744897987229908 0.52830030117736304
 0.89238585690233685 0.23235914969107696
 0.92767670426042992 0.33009618304203903
 0.27118270910903108 0.049080604093935776
 0.098219699731459054 0.51052565542518102
 0.72465440563104977 0.41884585215161407
 0.80842431772393453 0.28980324307357985
 0.12205285487332018 0.66109058736335202
 0.28536005212401749 0.56901174761179885
 0.87917528288649494 0.12406601167903208
 0.25988844992737403 0.34236470853979695
 0.6238426839909339 0.14772846461531741
 0.55670512524544902 0.015321236135683924
 0.87001430100175203 0.017522426606660702
 0.38999350264303412 0.65752587010249031
 0.61065850359238882 0.72697006610530246
 0.297281042521372 0.85294428457226845
 0.83086868782841483 0.30308251267073394
 0.89126423205442484 0.64433918234491505
 0.41888231597468417 0.069786955145352714
 0.21730282823606495 0.72039979481977257
 0.8303184148246171 0.73222831929762433
 0.30602362875201505 0.2440141668560355
 0.91377783499057585 0.84818792046057212
 0.20394134939517383 0.69093706554388989
 0.21650890205088802 0.037511713227821764
 0.93422301978749989 0.64066624338229639
 0.82681172736476971 0.86759790034314166
 0.31047543625679985 0.97914792201493506
 0.075817279967627105 0.16994130348530689
 0.053489916738712062 0.43005567141771595
 -101.11701193911355 0.46281396104929728
 -116.4676510463475 0.51581332227399646
 0.42300988994259203 0.88031436233512317
 0.30814623791873397 0.6373858487645031
 -100.1290361668714 0.064461348422255482
 -99.872314596990847 0.49209904580081909
 -163.8870404492601 0.25360553106829498
 -178.61322402226102 0.064669488685830889
 -99.694846954310307 0.1052333346697838
 -237.84343841786145 0.14390285491429367
 -217.10584071201799 0.74241492745183657
 -161.60253650311796 0.089195853788983204
 -113.26041584686151 0.2676754899301661
 -185.07434731345774 0.692112752100843
 -97.937459597467438 0.1913146592613324
 0.19248135885533246 0.62711154753700427
 -328.20238998839812 -101.52679484506528
 -302.66057887439149 -101.41003963081904
 -251.65087803267073 -100.86694967336061
 -332.36300905159726 -118.53398749589262
 -290.66061898754089 -118.19706641331628
 -243.34207213247902 -118.07649493595206
 -185.08428318879487 -117.86389415472595
 -156.50934899666208 -117.64560019772968
 -95.183164069452488 0.046937502960892497
 -169.97172035548559 -117.0477962974367
 -181.23075706319815 -116.53051499990225
 -298.12664670638958 -116.02305574596224
 -226.6444473641078 -115.48809302727604
 -154.08695058669744 -114.83879001972456
 -299.53290192591112 -179.59560958118448
 -268.93702430105787 -191.2834359620939
 -249.64099231559823 -190.83027860849094
 -281.66773348732937 -203.32780111100672
 -250.58238201590314 -201.99158761878076
 -246.6165363106962 -189.02708529444422
 -261.73738387819407 -201.05736133586879
 -230.4463244779387 -197.59449226566358
 -281.82301462752747 -198.71019482966398
 -233.11351622308786 -199.10330004794432
 -278.66442277325064 -197.75676940645155
 -246.34652646608978 -198.25507064052749
 -208.01785141837433 -196.17866373604858
 -293.95541059774666 -170.55974243336095
 -203.4950413552196 -130.74594129191203
 -271.76427306972533 -253.29511839571441
 0 0
 -296.2636123976456 -253.25092263967991
 -261.42776570101461 -213.06490836444326
 -274.86414184773832 -258.38528906174389
 -277.97392337133641 -250.608298017761
 -88.846073000812908 -218.49946664596527
 -279.01433114407882 -257.29881260329427
 -242.52506212206202 -255.29102287770388
 -196.87495351653294 -254.09298104557899
 -103.22407111301534 -226.85244340613858
 -301.46697111174279 0
 -335.63479069876286 -292.87696558012431
 -314.08284099642498 -276.84412803934561
 -284.96420116955107 -295.33966568103693
 -302.481904689283 -297.18117755402881
 0 0
 -323.11894911789483 -104.88095801807944
 -297.60569980456165 -107.59477859107686
 -317.10696705141169 -296.74072557044798
 -127.01550458092723 -289.64872572499405
 -284.16716647413438 0
 -312.64719002828372 -130.46646464294747
 -314.55867473989616 -296.0915240435105
 -290.81837459896423 -304.12206081952479
 -311.13063041959288 -216.14087389494156
 0 0
 -323.26544099967811 -181.46990647006527
 -321.45419934127034 -302.0696436965406
 -298.99066629465028 -267.75697238463863
 -309.40361134140358 -301.768833105618
 -290.13437240287044 0
 -326.84824485975361 -309.20787860871337
 -326.24891020624477 -289.47536277263538
 -334.29192318344622 -323.65303708870965
 -317.96117999384967 -328.59155463148971
 0 0
 -336.12458018631833 -122.85049713263973
 -329.45264449031026 -261.86674892550849
 -284.88570624712048 -321.98776123554546
 -284.18992866893325 -293.89723255954834
 -291.84424232465869 -82.454074146977746
 -332.80983644663098 -326.5632166549081
 -325.83294357207228 -331.28821233474639
 -325.71380597637062 -335.82681347711849
 -311.10571004833133 -154.092533093372
 0 0
 -332.69081117329279 -333.32411533212229
 -334.73251650247698 -328.23380496739941
 -340.60792401784414 -331.49947603924585
 -320.40495009068587 -260.4033826037051
 0 0
 -238.1735715212601 -332.96965544945908
 -200.76019802812067 -342.70611190634833
 -321.74881280134144 -326.79541820053191
 -319.22557557473664 -313.59597263060186
 0 0
 -338.74829008708173 -340.92011586752108
 -332.81886014907025 -338.06460320447877
 -328.2185669849045 -176.55011103526931
 -291.3765175191092 -326.56950823292561
 -263.040397058591 -329.80170118909371
 -322.94659415335565 -335.4932939268287
 -310.12800624207659 -333.32647810765155
 -316.58513541203274 -332.63028467792128
 -187.74906941972435 -324.2771919865844
 -150.61545411766872 -285.06908901361629
 -329.21624338216765 -328.86601740074957
 -327.76212235517522 -316.80197852969349
 -328.33964087558508 -93.341369070392403
 -329.31421043124658 -338.22672936347118
 0 0
 -288.33704329178676 -336.92337011768944
 -315.4450548262389 -330.38987596047923
 -300.29043735119279 -328.07008333823751
 -300.22671220624096 -323.13709294588568
 -271.69521389255976 -151.68088580515865
 -312.883417631079 -316.62203290288994
 -311.62781552879085 -330.69492022694658
 -277.55487960892498 -336.38429279774425
 -310.14388947703986 -321.93287815743861
 -304.87594122579156 -329.45439270364784
 -307.67322382723466 -310.71415191736077
 -305.00212649914749 -324.77881660880723
 -113.78072767044114 -316.09094254134834
 -279.90921084404181 -315.97326008889053
 -260.96000842899286 -275.33847343538895
 -306.74160561557193 -304.60499497547988
 -307.57846203832287 -309.83587821974561
 -305.86856612937254 -312.96521510136279
 -306.33950252657468 -304.55992079650093
 -304.9785294121275 -316.51201919993252
 -304.72405862582769 -313.3596082076794
 -304.95499909695701 -310.01500060254892
 -304.32864893443241 -316.15769613601663
 -302.81499885447658 -306.46244760108618
 -301.07022276630721 -306.55438772486815
 -299.10816127977108 -305.38462484560887
 -295.8318288919873 -311.26509325535284
 -296.64089852229256 -311.36153929632525
 -296.16378841815833 -312.23867629754886
 -295.56362011802321 -316.06051705522844
 -295.4450594155125 -311.31182088348606
