# Created by Octave 6.1.0, Mon Mar 22 14:49:58 2021 GMT <unknown@DESKTOP-JMCGEED>
# name: Q
# type: matrix
# rows: 900
# columns: 2
 0.22859794947460865 0.21625255213896888
 0.3754398819007122 0.70030699851140799
 0.17953656162797837 0.46031316267862987
 0.5598445523802229 0.16407729942797789
 0.92809357642014312 0.73523858478698711
 0.96659389642553539 0.15977150317760125
 0.32342107850332946 0.51292852221704899
 0.22158154708552591 0.76822829460173925
 0.60309904322887331 0.90815070074637316
 0.24649037675140106 0.91104403255877509
 0.25663358907268352 0.81187836454056939
 0.63095179369813692 0.994746434857259
 0.57356132706164131 0.69727402579290465
 0.31775566453625093 0.42328576352134062
 0.94330472254600273 0.99446314576332973
 -128.15669727858585 0.011326860974397168
 -182.16204233360997 0.054585872065044949
 -111.15806066353548 0.40922655518296935
 0.4211882734065765 0.9697866206578839
 -110.33229623343556 0.062910728463273724
 0.38422974991580539 0.68186554287826506
 0.53075657435132506 0.83924003811473036
 0.27748594085729483 0.99878464596981342
 -274.06358017217411 0.89082858035464674
 -258.16674683828097 -132.28073070941821
 -275.74470989250142 -132.11951120812247
 -275.01968729755123 -112.37235019077343
 -206.34512640524699 -131.86181000084622
 -193.28820697261614 -131.7002109772952
 -205.86230298253207 -130.49963947662906
 -263.47760823332789 -131.04325941209188
 -218.86789345051608 -131.24389614554073
 -174.96989647309624 -130.11519263204281
 -190.9535389108469 -129.62099501414124
 -288.18401677934895 -130.18595430908061
 -227.3875196010186 -129.57474314645839
 -255.39667576261951 -128.96305783104324
 -189.41206558829876 -128.57856641583044
 -312.10795832990954 -215.00396836143685
 -356.77554265409748 -213.31354222192448
 -324.80749999532611 -212.80123304529104
 -297.3969271396204 -225.98275495698601
 -258.02788471282207 -225.67302318219055
 -249.32024322115066 -223.99988971215851
 -273.82252296394483 -225.035860275114
 -311.91444321079337 -223.19263832953374
 -273.13946485591333 -223.76089317087124
 -226.1187474935937 -222.04084529111634
 -341.5087287435814 -223.37432858350664
 -373.87130453475578 -220.01680157426819
 -352.49486566847924 -221.26118353353789
 -330.01226904254378 -230.22031966367246
 -283.73975606577284 -237.22839623491095
 -335.72909752252485 -238.3029186318725
 -336.92772106890692 -289.36365526994865
 -301.32974245166105 -289.18064042685933
 -334.36726887360936 -288.65973664874718
 -305.73608602180161 -288.73580652618108
 -357.69441709607338 -281.73568615806943
 -361.70742547951306 -289.15642410849574
 -327.84861743539795 -275.21960268200354
 -364.80756895972002 -286.74349574067475
 -304.46236747342408 -287.62711184813645
 -378.78177004270196 -296.58162159284268
 -352.80373674628049 -286.76404965398171
 -351.06948663704901 -335.36518071093184
 -385.15241311667734 -333.28391414751297
 -368.66197292969923 -326.169052833161
 -351.72371980598257 -329.6465141004162
 -362.44923033849415 -334.66785860088925
 -326.80691893977109 -333.11015233891004
 -333.12079626548143 -327.93727046053516
 -353.87848340558321 -296.99024122171306
 -333.76334012611693 -333.30746176337396
 -374.57132279314214 -352.05046683739755
 -394.92182057114837 -336.65542269939806
 -383.45663267484434 -361.53472304883127
 -362.23879862177319 -363.86014770237563
 -344.31921085641187 -324.19877979499637
 -371.5684504212781 -356.63321339262484
 -378.32152447535299 -359.65013866593551
 -387.61999368211025 -361.11603625436771
 -375.75018615123111 -356.48791011606954
 -361.75481857351139 -360.1409927647336
 -356.75344805344923 -340.93833115381346
 -392.38404335578684 -358.42410391060753
 -388.31560198081746 -381.43406421748438
 -382.637260718562 -378.01405912972126
 -381.41309342085123 -368.48480949573457
 -395.7102293616424 -382.05803398648743
 -389.7482640738686 -379.05153215425884
 -402.75465087956644 -369.11280755516822
 -397.83176267623242 -372.31601921330906
 -382.83190272935082 -371.11301678668798
 -380.97960847855649 -377.31636823591697
 -384.00395828465048 -379.72634219996479
 -394.1472627952682 -380.02045863615649
 -388.44152042796964 -390.95057624307623
 -387.09412708827455 -392.67456051495822
 -392.37710508786489 -395.15702964562644
 -396.47637927300894 -389.25810384923966
 -379.79779010524584 -372.3943186447766
 -388.49008501282174 -372.46293638941097
 -391.52319704011688 -389.89747018512764
 -375.46541134670258 -382.98502666341153
 -385.02595407372689 -379.09547835898479
 -385.87305676172008 -389.02168151060289
 -391.82859133123122 -390.46755709624995
 -395.25052704858632 -395.63693301637181
 -392.63643624495921 -393.37057317635197
 -384.21953273874516 -389.40176385037415
 -389.17588857828196 -393.56815661555407
 -389.45438627233972 -390.90310645120968
 -382.58794969769383 -378.0041357379684
 -386.55069932194783 -391.72647628841446
 -384.65838031203594 -393.87282492275602
 -388.81300564220885 -396.91548066292586
 -381.05492597434267 -377.62857080943121
 -383.14343634797939 -390.68933301242004
 -376.67007037838482 -387.72605075140075
 -384.89970406606221 -393.64910329641788
 -371.45717606114397 -385.1187617670351
 -381.33674853603264 -378.11110053340076
 -378.22926110089639 -373.87175986115369
 -376.10234865513536 -378.03384420772193
 -380.15334675609836 -375.67677042897702
 -380.29539293055655 -382.75494458895997
 -379.7293602030943 -381.98129519248653
 -377.16202944756429 -375.42547679578826
 -376.68071651277518 -381.88997738182252
 -376.08992034109821 -380.12378491519894
 -375.75969460625038 -375.60575891387356
 -375.0311924404761 -381.45009491707481
 -372.26583550557689 -380.38338133439538
 -370.77901567377768 -383.33431774591872
 -370.44212434747027 -379.72848741391647
 -368.21550118081547 -377.67905810066179
 -368.18047432893502 -381.0999012790183
 -364.67548354315727 -377.46973680807127
 -363.99036678308318 -379.57166609038671
 -364.43508665513906 -361.78624193108021
 -363.81283491571861 -370.92510875875416
 -363.63384176386143 -376.14142785568123
 -360.71495511989701 -374.32683464811601
 -357.12442150668073 -380.38288541061303
 -360.0759353037987 -366.69199551130907
 -357.72551731997555 -362.64995325934052
 -357.61540196315826 -363.2699758896398
 -356.01165531622155 -365.30171926018386
 -355.37391578744649 -362.122708378683
 -353.9606826095777 -357.65748592708684
 -352.80518832053849 -374.23810639681773
 -352.83731115427969 -363.49837234059817
 -350.89888025668762 -369.43310001508013
 -348.98455469888404 -364.28789163331754
 -347.53151887304551 -355.34361782339391
 -346.39450475384564 -364.129863500829
 -345.39766178515538 -358.70965340134347
 -344.64350695452373 -356.26133713981
 -342.4615184512507 -359.98600808205327
 -342.03633477694893 -366.43087157218065
 -341.13142849680247 -354.88542966627642
 -339.99249235869337 -360.64918325380046
 -338.72561748906134 -356.87825610163708
 -337.7060688538308 -340.05390533331115
 -336.51534567095717 -353.1735733715164
 -335.37553280537645 -344.16768640218623
 -333.72870357498192 -349.41380578513554
 -331.42728071564517 -356.47800436744819
 -331.04676466171122 -343.1857652205652
 -330.12691561654884 -341.65100434358811
 -328.83683072702649 -343.05864953163177
 -327.55255733776971 -341.40479318462479
 -326.45095925582223 -347.32510178599739
 -324.35939255782961 -351.64556162878517
 -323.26445721208046 -329.57982304067622
 -322.72302044375908 -340.87482048096194
 -321.53279821484824 -334.1401008801177
 -320.15777942825991 -337.45852116267304
 -316.98196654288961 -326.85253093070656
 -316.64985765719433 -334.4903609783567
 -315.2230430727414 -339.74572251466304
 -314.2720924603729 -333.50857600326157
 -312.90216228287471 -324.22906087856319
 -312.08632789998887 -326.30885272668968
 -311.13097611782587 -328.95760449228578
 -309.52812381106753 -330.16189626028813
 -308.07730883166926 -326.47099769532065
 -307.08328643473959 -321.44841857540507
 -305.87599767793733 -320.992598334457
 -304.5688721085894 -323.95929479510704
 -303.10323301808853 -317.10321553585572
 -300.35160157841204 -308.17485247707697
