# Created by Octave 6.1.0, Thu Mar 18 00:09:49 2021 GMT <unknown@DESKTOP-JMCGEED>
# name: Q
# type: matrix
# rows: 900
# columns: 2
 0.23648402025281834 0.37429449511466761
 0.022175694101686738 0.71311703706807461
 0.61068772567031882 0.50656230420702897
 0.82945749028647897 0.18124024213225076
 0.70638552565038149 0.52494873456876046
 0.33821696385368938 0.61012971922763359
 0.85948891896558088 0.12207520297740093
 0.30598216263692524 0.60359924775396556
 0.33082729287436252 0.73955761948257615
 0.49424490105943075 0.66004207325549913
 0.68847246714569776 0.095912312053959559
 0.82614766290207009 0.24583066956718158
 0.48498392117849365 0.73283857168647137
 0.54870868222153812 0.38996650458651838
 0.57163880378119025 0.30346632962233688
 0.70344755846682394 0.00089640763082043939
 0.99330383031373737 0.45779198053925485
 0.16998660501281071 0.94221052145089368
 0.67204846969380927 0.0123426280197656
 0.9793442100972084 0.61999461013049906
 0.75809577052413757 0.039324340695694571
 0.71228353424948121 0.20268340954287678
 0.095530159531481584 0.27975290315679191
 0.15566437298386526 0.14480232138363502
 0.24521493076208789 0.61621962347315851
 0.59175587332850099 0.92859102848909703
 0.55122432653002762 0.90373227534445533
 0.79106675037584195 0.073563119893623519
 0.58161048599371712 0.26078859250117026
 0.60427320732772072 0.092200735428057734
 0.15381475973603309 0.66408123030154143
 0.90124199819764106 0.75867771231076575
 0.088356530309022685 0.01364312113752153
 0.088673126050273332 0.50355148961964979
 0.87126593504052519 0.76694805422301027
 0.68269812834240173 0.13341277387403938
 0.28478059938348366 0.52076808622780923
 0.70221016492438026 0.64974131000721558
 0.41834542198557656 0.71195601659026519
 0.82771684770569576 0.097966688262711377
 0.87260160854021152 0.82450489559682005
 0.011550599143492102 0.36692299774100623
 0.8340750480049558 0.74250069196861856
 0.37217520440422813 0.089251299957750496
 0.51913121162186171 0.5241535342429392
 0.012397685058387453 0.4971432624103701
 0.49478437038860801 0.43193293063631
 0.59014551988673081 0.47881459021081341
 0.52865637158333945 0.72707029642463838
 0.76705608135964554 0.019032622431786606
 0.17493315279698685 0.38727554813973519
 0.98696439971875138 0.19952973199973212
 0.78856471545504414 0.53871539560904003
 0.35202033269260558 0.40420250927392343
 0.30005652499911895 0.62522632113833043
 0.47335317395850396 0.31552447200303146
 -164.6566063761282 0.2665009389257067
 -179.54760193425324 0.32898424137100046
 -99.998661398363453 0.95534949051713658
 -99.857229853067807 0.5420257154414333
 0.38879312342032624 0.73775068920398723
 0.30441689564702878 0.98865170764651455
 -99.08132325850481 0.37481702848714871
 0.27415015418641908 0.61496682537180114
 -98.573123357608765 0.40681248642703127
 -201.21093295875306 0.37961537445992333
 -185.18682453468722 0.48570379356066284
 -175.57607232698984 0.30927232694091078
 -97.449634789956676 0.59937422041623112
 -112.04521563442016 -101.36160286292035
 -97.034079352042397 0.59707263769099528
 0.53432293460735836 0.68069408337223669
 -237.46033181416351 -118.25857138650389
 -220.54958247427209 -115.79206107744764
 -183.12328581618772 -115.23497915085983
 -187.92624833979892 -114.79051424704035
 -121.3859933610934 -116.7954076462257
 -182.24481084920203 -114.38261747524155
 -291.01811057042829 -116.56647255570677
 -284.61343938084229 -116.38546101657171
 -236.13952796445244 -116.07257752873628
 -221.61159053888309 -115.62192298351862
 -265.10185435471897 -115.11673195464023
 -226.19702929355208 -115.40587366842013
 -186.89007432395218 -114.62445646203805
 -288.57298407530016 -111.85266437793379
 -280.8333373046371 -199.26615585990655
 -239.97876809101086 -189.60248917209145
 -305.99553456151739 -190.5327304447604
 -309.49313720777474 -197.97725344345668
 -271.91761137419337 -199.5946772983059
 -242.89015592038521 -112.22331021167651
 -214.98939392351329 -199.38658596099481
 -324.44998324769762 -199.24571899211361
 -303.4959714000862 -199.16292708840373
 -277.92165999712199 -197.91397672933491
 -261.52266520371273 -197.4658918635221
 -233.15406418644679 -198.40087176767395
 -265.73492362669293 -243.02755823240287
 0 0
 -260.26024707466416 -257.56613513379955
 -223.09144540668822 -232.64967381212332
 -192.41339309300349 -253.00760231529128
 -278.05536922915877 -258.73956355562882
 0 0
 -293.80198306705313 -257.57445326372869
 -326.37201548962952 -256.15283475467254
 -313.18065175260972 -202.29238191415743
 -282.78740676774731 -253.48024001846312
 0 0
 -301.51355818598915 -234.90833330404473
 -286.84545118992628 -238.54470009137131
 -289.74936095678623 -236.94154402176764
 -105.13035529484836 -280.62519010250344
 0 0
 -332.75998072930912 -129.24220297306243
 -323.84915192503837 -293.76463696250846
 -320.63967278985274 -294.76628762831831
 -327.88047889220451 -294.45657727068857
 0 0
 -324.82137789624153 -268.36060361008606
 -304.40288657222038 -188.93961501035676
 -286.11162916858433 -294.2763419076494
 -127.06031698341067 -288.58671150598508
 0 0
 -319.79059168132852 -282.19761240271464
 -301.06948626256428 -266.44432393563682
 -279.51435844530329 -305.71489748708984
 -274.01370863302265 -288.02757003183928
 0 0
 -317.1664454290908 -128.0615398335558
 -306.1014929409813 -305.34623272859824
 -191.43690854929767 -313.24373322232447
 -280.63326919540225 -306.01827388108097
 0 0
 -327.86467626585778 -110.65147750308975
 -337.77537431708475 -250.79215489640416
 -307.87583517903397 -314.07554837397856
 -330.69397930623126 -312.35726242771329
 0 0
 -325.05564285756947 -129.34692058560915
 -339.23296900335527 -326.23807565844078
 -333.4442050473383 -126.41539506818305
 -274.78406126090698 -308.18877208824358
 0 0
 -325.22243959094322 -327.44760416637359
 -250.90168090934048 -326.79709095505331
 -165.55572822101186 -303.77734451650446
 -91.067653274550935 -295.55024917648143
 0 0
 -333.60682898175384 -128.2156539134574
 -330.4546535393128 -336.31389103400988
 -321.30449847421517 -317.57870081899409
 -319.99036454082244 -279.8677777610161
 0 0
 -244.68526811987601 -334.65806940542859
 -275.63354704510618 -316.68478073748344
 -289.43338623338616 -322.09586796114809
 -301.19597286469906 -297.08238161116958
 0 0
 -262.64662816832686 -314.02886178612908
 -261.22278897305921 -316.97931832268716
 -279.38216972840405 -307.7779597270121
 -253.95641540289549 -299.8373528545352
 0 0
 -305.62409671148572 -321.1312751447075
 -299.88643680811106 -320.99757710753977
 -187.83207680167391 -300.4970729562296
 -116.49376243108958 -325.53431717622595
 0 0
 -322.58951937114551 -323.90943496075198
 -317.68610522290618 -314.45562695058533
 -313.06195360761416 -320.37173828989222
 -117.98463270172113 -314.12829032658544
 0 0
 -179.4615591415066 -318.68923048956697
 -232.36328818369824 -303.682731346266
 -188.16602798739765 -322.76061829389522
 -98.176253526290679 -314.74730306871169
 0 0
 -208.67180972713027 -317.49867017511724
 -234.08710835102522 -311.51592009162982
 -235.93824854073202 -311.99510382043468
 -102.44925394477029 -317.71235912373919
 0 0
 -252.18163076682043 -311.28235213279339
 -146.5555243521456 -289.13048346878247
 -254.18319709622071 -319.5788469393683
 -272.63252064405219 -317.88862465291237
 0 0
 -218.80797870184875 -315.83268412473842
 -280.69383780178794 -307.93915350746124
 -92.43998271728374 -313.21962251091043
 -82.006051323992764 -311.22770181644989
 -204.88528685325943 0
 -254.01678052134469 -316.07848659769314
 -247.3279142461268 -306.04294557223466
 -101.36793418130856 -316.87913805102789
 -98.449176078502475 -301.7121871919727
 -113.35117397670514 0
 -200.14978757081195 -289.94162771321726
 -248.74155797609731 -307.68100374686526
 -87.602234381438791 -290.04497804232136
 -223.95748993146748 -291.74869772066052
 0 0
 -160.91361808147371 -298.01461871739326
 -161.6140446207699 -289.46536529995075
 -76.941683040064149 -297.62523742983228
 -242.3968591321983 -281.36696897038928
 0 0
 -226.99432944823863 -297.07255956293773
