# Created by Octave 6.1.0, Thu Mar 18 12:29:59 2021 GMT <unknown@DESKTOP-JMCGEED>
# name: Q
# type: matrix
# rows: 900
# columns: 2
 0.63729537933200509 0.74938697369904828
 0.56994060803585234 0.97854849422301127
 0.023284030824904156 0.073180230731440199
 0.72841452796114525 0.1938670321781788
 0.69193692176996124 0.8613721568435474
 0.51290038216036815 0.33136152876938718
 0.3268630750532413 0.8635540578325217
 0.99270501145882617 0.73870631288029642
 0.8994092614279231 0.91303573780707792
 -112.90045322550934 0.6739248059063796
 -112.25561774723916 0.0036028932016775039
 0.72287677731005728 0.65862736413478618
 -112.1695679579157 0.21931651272618147
 0.1356161529631853 0.26354876773838798
 0.69968949194409091 0.80704040784641939
 -111.515151286728 0.82576616792078106
 0.057069002822708992 0.14687421027447167
 0.52278031835348104 0.83786318070332999
 -110.77050880879173 0.75417504504468447
 -180.42147720191787 0.13923211501854382
 -109.72473442085155 0.21222241165275391
 0.68703632168035411 0.73890800981797322
 -126.04876926695772 0.80938454205740284
 0.23700671537336038 0.26160701224879679
 -178.37728927147413 -132.46634925951233
 -276.6151088481721 -129.79213750948691
 -233.52821479144797 -112.83961904220797
 -195.91329903670686 -131.87582714448044
 -245.75796495876045 -129.00303927974232
 -186.56432107326737 -130.79158207287367
 -238.28682001905634 -130.81662432709774
 -175.70124490149786 -130.50608214812485
 -204.40091572920974 -130.19368424626444
 -190.4892514054404 -127.18142343776303
 -264.7700710714239 -129.54725499733803
 -190.51950003964163 -129.70902787376798
 -317.79851827923233 -126.29425766090149
 -306.98410151473644 -128.69761192561873
 -286.75020676945871 -215.40286609351114
 -225.39352342523426 -224.15151961068335
 -285.19661052575572 -225.58904550727596
 -318.49734839946927 -222.91778186960713
 -279.00520126161462 -211.84740118200526
 -230.94891403950999 -223.4814336509387
 -284.84375251412314 -222.74168221542564
 -227.38338753335353 -222.12847444797868
 -288.75625135760561 -221.48348345839591
 -303.09630040621801 -220.90480999317768
 -284.5383297457962 -222.53239232697749
 -223.30354492651378 -209.51398229225549
 -238.25648046244959 -219.20222760707458
 -300.02231424345933 -292.34833798956458
 -266.43824139770504 -275.62038766370136
 -327.86947974821305 -279.8147383619114
 -299.69121061783619 -283.65953362377024
 -345.5965044932434 -263.42380100227109
 -323.31780503339729 -290.61239081180753
 -351.55260807773465 -290.85603975313103
 -328.02860708215616 -280.01545666893634
 -298.12718876812778 -284.5719334105338
 -301.35430948424494 -279.63098658575001
 -312.74365284301302 -286.18870244757818
 -345.48185887630655 -276.92118329039397
 -336.92579941757452 -324.42936097562011
 -297.1844648323937 -284.82477696873764
 -333.37442046231922 -305.79171849008674
 -378.20838843120583 -319.61818059214454
 -367.29755973336052 -336.82284302597418
 -361.57879898201764 -334.66156596530942
 -371.43762860386477 -315.90692572198788
 -370.45819965954331 -320.58409555572524
 -346.70847155779683 -325.2266293762309
 -354.33450784945035 -316.36331714972778
 -330.21406331023314 -326.3317107015464
 -342.34805417226295 -330.49956427171412
 -346.02250561365321 -345.9568818209251
 -317.96059641754124 -334.68269210243352
 -357.13439197713728 -357.40033567788822
 -395.73611966090988 -365.22593565849104
 -397.27341675139064 -355.46014309340364
 -382.780939522018 -347.18798136729413
 -388.15877257635685 -362.42682238553039
 -373.81338590057356 -350.59038592012007
 -397.27905045034765 -357.72638484611025
 -388.32838442669578 -352.25677501000376
 -377.75124728712592 -339.79969227767953
 -366.14180118591003 -343.22369532306112
 -400.62098151461424 -304.89583115165169
 -397.62004411519962 -387.37118860905241
 -394.87696562893728 -378.63249963988483
 -385.39373605184267 -356.53593245220981
 -372.94776486991208 -355.76867129018672
 -398.80574068226406 -370.48203686709036
 -397.33198214070353 -375.29741214959779
 -388.80710128058701 -381.30261712075622
 -378.27087005927996 -377.30182176307488
 -389.54319527118537 -347.69509536370651
 -390.70128853482271 -387.55426072772815
 -394.795577177822 -375.95753301827466
 -394.22528421598315 -385.43782067901498
 -390.1703740178001 -391.72684986775357
 -345.01345790896318 -369.46137253671588
 -395.05948714087805 -386.08361321295064
 -390.19066751890733 -385.79537863757076
 -386.01886153617488 -385.02229518381444
 -379.15422768733168 -378.33552633639914
 -393.97063690843362 -367.49000561473957
 -389.19084779443511 -390.77402632828921
 -378.83869228661905 -385.89903757347167
 -378.03921003905532 -391.28352948389119
 -380.69026436420398 -392.50306792244396
 -383.37136108499226 -376.31795714767929
 -374.33128606044903 -379.0928197269921
 -386.57806526726904 -387.23089313446792
 -386.45947430280518 -394.0292762130457
 -384.43740403359544 -385.19912698011228
 -379.88293078434998 -380.53780846202449
 -378.41238707910901 -383.1401533695381
 -376.77478674996235 -389.53122415474172
 -383.07411215444108 -383.36754357326777
 -387.40236377693043 -384.9065164831735
 -383.44965300240176 -384.77415091735878
 -385.87471805448877 -389.08076824782933
 -385.25911242892232 -389.62390955297315
 -382.57902757074163 -392.06975769807588
 -384.21735240570183 -385.43792251783145
 -379.89458521724185 -381.84806644683289
 -381.07353530952673 -385.89884745050398
 -381.88350382029165 -383.66581580644134
 -377.54184478382598 -381.9037248806851
 -379.32751392416975 -385.5459231557366
 -378.95966088946648 -384.21251938478127
 -377.6669469522937 -379.89418269989659
 -375.42646027265408 -383.38924660106665
 -374.99285325485999 -377.66328210332205
 -376.48370302413707 -384.10299988005664
 -373.37133095729547 -378.09562768875048
 -370.90582810122459 -383.12287174289986
 -370.23830649303602 -385.31219720564695
 -368.71986055842569 -379.42183597901493
 -367.59654145448928 -371.30321431886449
 -366.72924520988903 -379.0952568734088
 -363.07896542781367 -381.89914298639877
 -364.17188274344272 -369.87517291511386
 -362.84987552456175 -378.44881544211495
 -361.37201055771942 -379.21150125220947
 -359.89497192228987 -378.01235248108213
 -358.52337636287655 -378.90346331767961
 -355.25892996412369 -383.42424218492533
 -356.94850698014301 -370.04231189606912
 -355.07979585473947 -369.21937607551342
 -350.84132952621286 -369.11514594285802
 -351.82386281228202 -367.25097906117088
 -349.5162055490336 -367.97414707769894
 -349.64403298573319 -374.962703849788
 -347.56875452154657 -368.23700658121891
 -346.85986662486357 -369.81831632166444
 -345.27653406647073 -377.13503769119063
 -345.06496863829824 -352.14712463856551
 -342.77886366229728 -361.92154625049739
 -341.16415603656145 -361.71885012205109
 -342.22424391634473 -364.9472703006353
 -340.17155979427764 -363.10056209169176
 -337.29473193212021 -345.75550963913258
 -335.52855005238871 -370.06266141430257
 -335.19566136863403 -356.19839666634192
 -333.3059594328642 -359.98414134143582
 -333.08190974677484 -352.97151609200245
 -332.13026292723498 -357.42560369140125
 -328.73563856690055 -351.57571846235402
 -329.88061702113094 -333.22976535052032
 -328.48806135016849 -343.84609954919387
 -326.98203662158056 -349.04646957934955
 -325.70727522626919 -342.45043177888795
 -323.4614546385867 -352.81905168930365
 -322.524112182625 -344.49475590973287
 -320.79163953325383 -343.15334378369749
 -318.32496896433713 -335.16174705767975
 -317.99561677662689 -349.33206194987451
 -317.05721456344247 -341.76401050477165
 -315.72655407753564 -334.73768090107285
 -313.65905983863649 -329.73459057263528
 -312.72629596343603 -331.05029392379242
 -311.50319322856899 -341.82472162323069
 -310.7789146852075 -335.26804653697076
 -309.56078698120194 -332.81673527339348
 -308.65180098361441 -316.92001624569713
 -306.4993423115281 -329.20995589671008
 -305.32685686925424 -327.24632921205364
 -305.02092665743396 -318.41733331260355
 -302.96373484275546 -331.4747873318837
 -301.62772845708048 -314.89673737953279
