# Created by Octave 6.1.0, Mon Mar 22 17:05:24 2021 GMT <unknown@DESKTOP-JMCGEED>
# name: Q
# type: matrix
# rows: 900
# columns: 2
 0.5046058857913378 0.83792705204312679
 0.21556050848637665 0.80929526071281654
 0.16987797911029823 0.90798428296338851
 0.092561602940125942 0.26620205281186016
 0.48959768615969335 0.28620660364280637
 0.18405941094617395 0.75822895926009115
 0.88339875313386274 0.66743459504667024
 0.14097372533652541 0.46302417933318119
 0.23234686284790884 0.21744288186941751
 -230.36637301767669 0.40142286823812068
 -211.90725568793079 0.40182813994567357
 -111.96874832146452 0.84317964035378234
 -128.7153003822576 0.73023844436225727
 -111.47510141407787 0.41429760970023244
 -111.17359368435196 0.23124208436364424
 -110.97149623427327 0.13605837675198429
 0.28669417713432699 0.63624157343078847
 -292.41015547844893 0.44436047785061672
 -332.74879041924328 0.68570011491944971
 -288.1841122054974 0.5096109464735562
 -180.2663469132703 0.57294320321509595
 -209.36226169751703 0.33584614292091008
 -109.68849091594969 0.94181071061292787
 0.10264616448820651 0.85794941151911186
 -125.09393885082002 -113.14323127596984
 -245.47071775323991 -129.8612499486967
 -188.36000472446111 -132.08986898727088
 -206.88566578695776 -131.95548706381211
 -220.71435973372786 -131.78673643281525
 -176.31772931955032 -131.02972284915444
 -235.81747251158171 -131.43423289176255
 -201.92386539072359 -130.27058272849834
 -295.75934654780349 -130.52557806777969
 -250.64740513254338 -129.73752807110719
 -200.2536528204497 -129.9418750831137
 -251.92772535026347 -129.55521569747128
 -199.48954630568647 -129.30944836712163
 -201.62341953385959 -128.39315055671784
 -172.69001719209751 -200.9196945512299
 -336.03689692021874 -142.99692207687502
 -301.68385413182136 -212.74073446447659
 -258.73166458542892 -226.16839464387041
 -330.63991788593017 -226.04307198645458
 -280.4096866809403 -225.16683223518143
 -236.0473822721878 -221.284618685239
 -345.80660730856795 -219.75921989108303
 -305.51798509654924 -222.14466886276082
 -248.15148905762317 -221.2052992564235
 -247.6777242208114 -223.23464776829331
 -297.79532862534478 -221.95776289871358
 -363.42556749978661 -222.39159236297093
 -339.45530609483342 -221.19013697838005
 -311.04032790415744 -283.09042809502341
 -311.93571253526488 -224.80650728583578
 -358.30181497758963 -290.87726565899226
 -321.29893321800211 -291.54186037675026
 -357.47328351205226 -288.25824616583822
 -335.4488473816225 -277.60777451773663
 -329.2965103061602 -276.23523360921445
 -334.02280566468841 -287.63792216409132
 -295.03605589050636 -288.94456762488909
 -348.50340780617375 -288.59788023670387
 -295.00142474361547 -284.48954207443165
 -348.77158672111824 -286.87483423771641
 -388.70361200238528 -330.6604306572163
 -365.37716296487866 -293.56225864036674
 -343.14961545198821 -337.80054168699962
 -338.57011566658753 -330.83344477303228
 -358.26012190981288 -332.1322721223724
 -334.96609458200726 -285.43038949306549
 -321.88488622644576 -321.96502259316611
 -356.75504523991731 -319.54775391936215
 -334.67861790371927 -332.76261072914474
 -363.093938120823 -330.52587791215296
 -333.93079197871043 -330.75734791743525
 -358.49359030362837 -340.5217011767453
 -371.80168552870231 -363.9614000753545
 -382.39027956482136 -360.01094004275041
 -367.93037586635444 -356.77662426534926
 -349.84836309460979 -349.4764223025461
 -376.09158689738672 -338.73134528387016
 -356.51583286597179 -348.77679485787291
 -382.24595623266691 -351.67400123840292
 -370.14387469175443 -364.49750378495196
 -358.91168384409747 -358.18564677412769
 -378.61156414738548 -361.62339034334207
 -363.43818047266944 -357.09643122818551
 -391.27861471160861 -376.74444752349945
 -382.90176216250325 -376.70539702181674
 -365.32166044262749 -363.65102812580699
 -387.6244085879286 -372.684715242491
 -367.32042332530284 -373.72040796974869
 -395.92120452303129 -373.07051142801862
 -388.50770140262244 -371.48372976263011
 -391.47479118512513 -368.04981286928341
 -390.36957378441258 -390.2718066002347
 -367.5770608325148 -377.33943151770336
 -376.76223239314299 -377.78170540945376
 -388.97022087719279 -378.53115000199949
 -391.74498848825414 -381.12760662106933
 -383.67005244470016 -386.92521897527075
 -373.12403440523065 -384.76885820907171
 -384.41780856518244 -390.16207755603648
 -385.33467566464623 -383.37337479671891
 -390.04738841751839 -382.51419180783824
 -389.24851529449444 -385.14310027334517
 -381.5714975794765 -388.08305638961434
 -382.67960244365395 -383.49835559962992
 -389.31603457254459 -387.87210415020905
 -385.27484682706216 -390.92886652062867
 -389.83783757856253 -389.80647311107793
 -386.56037304965662 -389.00291013292355
 -386.77648413512924 -373.10798073132395
 -381.90875240721039 -391.56512583413468
 -385.39105979085889 -384.52846621772022
 -385.66885501304671 -352.08132289274027
 -388.60605023117887 -386.21717805169715
 -388.27561174391542 -389.28983129895732
 -386.48471121661942 -385.08309809239853
 -386.24707235209337 -390.10527204838684
 -377.88214389632992 -381.33103197732197
 -383.06811788513176 -386.7951075888663
 -378.41829063067473 -383.23816181832234
 -376.616892133504 -382.84603511957374
 -366.89072069038031 -389.62323490555065
 -383.75699457099807 -388.65112127441199
 -384.63114607555787 -383.86687794285984
 -380.78455699384403 -385.08101418671612
 -373.92291384493763 -382.22512001771253
 -376.33287652675421 -387.37553379283713
 -374.95402334190021 -386.40377585587379
 -367.74752869416756 -384.54975312471998
 -373.83882643481564 -386.39514225362814
 -366.9197877836981 -384.4772806500153
 -370.84723126728431 -380.90241883097667
 -369.84875361020119 -383.0438206071729
 -368.888732351665 -371.04106677387972
 -368.68443117402961 -378.31206555656593
 -366.44705724169467 -385.05791026026958
 -366.48935682462849 -384.49120085463375
 -365.5677190843212 -380.49710088660231
 -363.83392243863938 -379.69317610115354
 -364.5947648883951 -378.3213936354212
 -361.43484348572929 -385.12019932623571
 -360.98206376667656 -374.22725854453302
 -360.56561138515377 -373.97926202017089
 -358.24342821210985 -369.62990268555956
 -356.60680130299113 -373.47269145831683
 -355.55284261626161 -374.31343412791841
 -354.32056916420862 -362.11578496970776
 -352.95086972285714 -374.51469888057318
 -352.74340041641778 -374.02021228841119
 -352.33589827782481 -365.82421073669838
 -349.59064529671525 -368.59825866882778
 -347.81156595309739 -373.61647293489318
 -349.06156536847357 -360.50108202344438
 -345.86257799955047 -350.44394322107769
 -346.62099160758544 -350.85720325180705
 -342.49615256585702 -367.085494420212
 -337.87180846296314 -364.81026467064885
 -339.78629132045779 -364.84949146091031
 -336.76230672099899 -347.55379379837859
 -337.50358218389283 -349.10275725210869
 -336.18014618684634 -348.70600667296389
 -335.20285310875749 -348.21870936064772
 -333.60947098785789 -341.8741392567814
 -331.50853547331684 -340.51224578111919
 -330.98890077082876 -334.17607321953915
 -332.38514187295397 -336.69051780638904
 -328.70735720086549 -334.19945377333289
 -328.50273912813662 -331.92583196395987
 -325.69855369606029 -342.02745908740451
 -325.52831180808118 -339.64419292886197
 -324.31026741598487 -338.64728782904973
 -322.69854394299836 -322.9012853053157
 -320.57778367870674 -326.13314406962292
 -319.67792115540072 -331.15678796672387
 -319.90731133111353 -336.26045239226971
 -318.05095318163592 -318.93758297309989
 -316.83033732240125 -335.75057447403708
 -317.11989903581662 -322.30729081625805
 -313.28149509683806 -323.51843698952939
 -314.17326311152704 -318.78384814022968
 -311.5487115108059 -321.44777287970055
 -311.20690198395505 -323.10142009170852
 -308.9564330431013 -316.8521486344186
 -307.42696859951019 -323.31243399059406
 -306.23007112112487 -321.76345031341106
 -304.29334322790402 -317.1747920107382
 -305.09358108230447 -321.96007373730396
 -302.55285678816591 -319.47425027016095
 -301.40631716548029 -310.19222630063837
 -300.5521276489979 -314.21246028397866
