# Created by Octave 6.1.0, Wed Mar 17 21:19:28 2021 GMT <unknown@DESKTOP-JMCGEED>
# name: Q
# type: matrix
# rows: 900
# columns: 2
 0.64381667346502602 0.18057968722537432
 0.17915356301527774 0.63457314168691903
 0.83280372926528634 0.36101359726507465
 0.27451419295135004 0.78207941103987599
 0.56507232777148808 0.7617627616264554
 0.33599071749105136 0.40920519359101037
 0.46835299507362504 0.016635869832127836
 0.34732283496446992 0.030163074135802104
 0.82567897528870215 0.97277841114151986
 0.12930448592252297 0.15195491152077178
 0.18044186491529235 0.70445424222896857
 0.21907854185777142 0.36423527978413539
 0.23746666953043472 0.37486010177905549
 0.66718544204365693 0.94611361479150635
 0.049020125601336062 0.39331101957635672
 0.24003900874410067 0.32453788315523957
 0.32356716942890407 0.58621991948656349
 0.1505477449538043 0.91530647722839908
 0.46952970031975216 0.82027006423599191
 0.44322097491775325 0.72088258142286432
 0.74336532763246577 0.9525662336829811
 0.38542711396904583 0.78747833478913365
 0.5879156224899863 0.65250869114965249
 0.94304348935248239 0.5418878080378805
 0.25590851356273059 0.78397111209639392
 0.75105922238369838 0.77659289550525201
 0.49677389570877883 0.40231338318593102
 0.85823844753494549 0.102388522508986
 0.17286199962508353 0.36312965452701751
 0.50697519402908131 0.39735172878175051
 0.91331356902188177 0.66382422468624724
 0.54605608840644415 0.54950596737077451
 0.4337926500268976 0.050586059838728659
 0.93519823335931662 0.64015970831377278
 0.15598872920498696 0.94448255812577087
 0.46829358396164245 0.30681707857164109
 0.73533517474116916 0.25155109508071172
 0.47631020020170545 0.67788306990855052
 0.49982253749620276 0.9618654664259193
 0.40850522600431449 0.80012661990304612
 0.94215570372810575 0.97481882261723996
 0.55356038055411327 0.41311191567290029
 0.51678044881452401 0.95995859431780117
 0.21413949711980951 0.20963572867551039
 0.66083999376056302 0.24263551494250835
 0.50315311311949562 0.48418196566492022
 0.66849475989433293 0.16915800138068882
 0.64581263791164967 0.079198805291291863
 0.018817707180966869 0.0058657398795983751
 0.10291353237731293 0.4307628564627396
 0.19276871348792923 0.66534040690245611
 0.0082643594967749534 0.99969410416794702
 0.81905572835591189 0.0027876715697977561
 0.23187718388368106 0.90441088138808967
 0.15660918103324617 0.78092437960895922
 0.0011977931861154589 0.7018641872125666
 -205.97262107816499 0.0233859420265079
 -164.66523608674694 0.7194765052587081
 -100.29619515175914 0.33968110414294195
 -100.13611622568082 0.025598072583856046
 0.1838851319057393 0.78459971458944411
 0.32127939485843893 0.14295576832048618
 -99.308968719324156 0.44121817215863846
 0.27336599838107156 0.6741629623979466
 -98.57008611169195 0.78184881491761404
 -98.283776006438814 0.43293758507261793
 0.39849615959620588 0.65216922735764271
 0.095948971989613052 0.23960865843965784
 -97.737192939456691 0.75166143669319108
 0.18750274060555605 0.51623881130027027
 0.094902539153724708 -101.01425382373799
 0.80846024265821193 -101.15162941992695
 -111.18373056788613 -100.48728649264706
 -96.478351983734456 0.18765033924798946
 -95.998151405229379 -100.37844776581352
 0.81221691055077594 0.95294154255303398
 -156.62032442201689 0.028478558387076802
 -109.87458756096943 -99.38350412388273
 -231.75391705848963 -98.734347511574114
 -213.84667180198386 -113.45491493093596
 -164.01991127039992 -115.61660965983936
 -108.58150933298174 -113.05380992737823
 -93.864351516036578 -97.713826363560088
 -176.90467178482282 -98.090324673761856
 -207.56473838329927 -111.95974263576738
 -222.89489643891508 -111.42096479321263
 -166.86772094687194 -175.82108307340656
 -152.08633064256713 -96.504212729085324
 -106.2500805978632 -96.683544870837167
 -202.54117810391534 -160.65560940700337
 -150.72523384482702 -95.977428496755707
 -163.99176744720782 -173.44862563782257
 -224.40940891888141 -95.235566621120853
 -186.53612642934684 -183.99209786642865
 -171.46187667324622 -191.04585177525198
 -162.50291280068777 -108.6862261280197
 -198.6088141006656 -170.9342683370358
 -147.74396774395649 -173.73986431312284
 -181.4806353449996 -191.71020815257404
 -162.73743316957189 -168.92672743871771
 -89.71178067399245 -155.47732916079104
 -146.33239936381244 -209.23809390508808
 -178.06532662265749 -154.65486603960767
 -160.57836478303042 -153.13968637380989
 -248.86418703295772 -91.561977507239988
 -271.80432331364295 -231.23702656092735
 -233.53022713788246 -214.85871364800883
 -194.11932079406972 -167.16601812972405
 -142.91723197083354 -164.77160302953763
 -266.10381663854588 -194.08821182500611
 -244.7254887146081 -237.8108046494859
 -252.11992120343947 -220.49538003564203
 -214.16047208205634 -173.42218784094274
 -161.94054807264496 -201.4398796520469
 -98.341173439453428 -187.91875904411421
 -228.62335566485535 -200.19458298558462
 -264.57387271142193 -214.21741598874794
 -233.50632659164881 -215.41625375621558
 -199.52437880428306 -262.57136934657689
 -252.24925198526171 -170.18056590281859
 -222.41161552658335 -244.68813388289857
 -193.47593923127101 -254.07155742076333
 -171.2323234164493 -240.97348513078185
 -165.66414633968671 -214.44738068455175
 -242.68403325410213 -144.42922541752051
 -211.6408114875436 -168.35931088954695
 -177.04390446038508 -243.84923397444371
 -157.29593436900029 -154.96063267142193
 -264.53123659276628 -202.0120248108399
 -242.91461221760284 -230.57787555249834
 -232.60055407082078 -219.53606189513965
 -204.79071559591489 -254.9173319985787
 -173.85172590569496 -152.30587344594016
 -216.07904402253266 -251.99291594386438
 -236.34644113278728 -198.89209123549875
 -201.98884626344272 -214.16490913941965
 -152.57710865953317 -103.9084334897865
 -246.79613843053619 -150.55869477924023
 -230.62596655557672 -242.14241820898297
 -236.11057354328472 -166.2825893667702
 -246.49105327800962 -234.26684508755233
 -193.19217288068484 -96.030004008626818
 -212.9953582174268 -240.57719744528021
 -160.42751055396363 -238.30263190412686
 -191.40855238083975 -207.86061428922741
 -236.36919338187516 -189.89241192833072
 -215.159268345665 -204.99409727866157
 -270.96435857741017 -240.70840148125984
 -182.87506555083641 -196.87557694074269
 -257.33297831306487 -266.16251325724875
 -154.38712120534356 -216.94436586116845
 -233.93286219429362 -263.65445649933457
 -124.34852146944517 -92.337125820346557
 -236.9120917472319 -189.36542559373308
 -249.45195599422439 -218.96746019073203
 -236.04352958549021 -194.46150190096768
 -264.2010572556506 -246.83253724641392
 -238.19998090768297 -254.5458139503352
 -246.8397936779225 -258.49044989513209
 -221.96807619801359 -239.25731091336746
 -195.93364943249441 -223.51452850505294
 -242.79293490007615 -216.03632986615318
 -222.0849192036942 -184.59765501052513
 -258.45842843561513 -225.45028925678633
 -262.67440196968283 -260.39385620582146
 -249.00384777885264 -266.78753955567697
 -145.16326714486374 -260.34242512618522
 -219.95512955164187 -238.71334530496009
 -201.69238708938633 -242.17617916495033
 -238.37590387621873 -245.33796000027831
 -265.01305432172791 -213.88649497425092
 -248.33668474947544 -270.07569499558542
 -254.60180749245256 -243.57500667269665
 -224.99790056445755 -262.04926047058478
 -249.4411402467002 -196.60703817483082
 -196.70097557604035 -238.20701333849519
 -255.94860530531372 -248.73025727064376
 -270.41008003469818 -243.47741591548024
 -259.01253214821355 -246.87464105259284
 -250.77172950939894 -248.20593387382527
 -259.92032291697626 -274.41186401058303
 -236.76847807768547 -103.27396254764166
 -270.16566274328193 -252.29920183969665
 -278.96346306024077 -266.7419986147093
 -224.20792102573643 -251.42397219546501
 -269.67942342381212 -272.20536901296452
 -258.40457544163598 -260.35246057049926
 -263.60596470963253 -282.59829516696988
 -176.90072600313439 -191.97650486335394
 -249.16527064013519 -263.73906782335837
 -251.32189181433935 -262.25456905453547
 -242.71892651237249 -255.28871872613774
