# Created by Octave 6.1.0, Wed Mar 17 19:26:32 2021 GMT <unknown@DESKTOP-JMCGEED>
# name: Q
# type: matrix
# rows: 900
# columns: 2
 0.13683018550907111 0.9683253403893487
 0.53025208070609819 0.13811777038439665
 0.67172199303881974 0.44323826827628732
 0.61345497264824711 0.71889764133300194
 0.19864800317642228 0.18354240530664878
 0.28707422602623722 0.40690376151084573
 0.5120937463997467 0.51503806204095459
 0.063360530625987788 0.28476137232543364
 0.27548134255341172 0.46844219936222109
 0.83450186683329364 0.45244646212526496
 0.17562250478333397 0.45435147756906347
 0.16937200433895772 0.70628049035562213
 0.67687371048404876 0.98627300694120767
 0.67262552831949463 0.98162223186044451
 0.58590804507501548 0.96547916323498195
 0.33082503740405234 0.71189293623718997
 0.26066978868743518 0.49415813854662327
 0.98171525293020445 0.56245030979842936
 0.87692830388253518 0.48179554676652647
 0.80138629250273985 0.8746336495733249
 0.47429584388055279 0.15324052492940643
 0.18667111729178776 0.026539498882456547
 0.34379709813607229 0.38376135196423555
 0.53152138858705145 0.49128030612608486
 0.89287413297133245 0.63481160905351686
 0.49075087627963476 0.70004228928324708
 0.33591791845183927 0.82265951019563444
 0.71952295334652983 0.51030105163807937
 0.039862961553050247 0.010344778919770592
 0.8968461411644576 0.099225214291652652
 -107.1396413368677 0.024300264837268215
 0.096884463974803547 0.41809434113954502
 -106.96024352422701 0.22318887975093793
 0.058331960084868073 0.27199601580315413
 0.87784935073067027 0.089972928985243783
 -106.33981199883962 0.55185422202870005
 0.051505830784013162 0.29404016725205873
 -188.66027155956087 0.65992698670279082
 -105.09141674359178 0.60130625213404376
 0.059649603756380731 0.12997320476906071
 -104.88096781053011 0.65053883567641235
 0.3191621960396448 0.93596993874535395
 0.17237493996410902 0.86513446246231651
 -212.75789828979288 0.2560537852171364
 -195.87208973789379 0.39801195090241492
 -195.13502774205568 -107.96217587668404
 -118.58855983089072 -107.89865667076748
 -118.57729716933373 -107.31854465031475
 -168.16773062542961 -106.99904677214715
 -102.19709538166734 0.024416421715482084
 -202.857519521916 -122.11284182785847
 -192.39934647010159 -106.19623290570418
 -194.57381569851094 -123.79568975841205
 -166.52615753612898 -121.35832952109328
 -181.53418274228622 -121.30865823798842
 -182.92966844055258 -120.2904205022035
 -180.40412248418946 -120.04708191953554
 -164.7521930875609 -122.76668192992486
 -179.2850010637014 -119.79862427409358
 -203.20547402690616 -121.9073945120047
 -273.49104587431884 -188.53343467693736
 -244.5662359719588 -120.99309707365222
 -227.2056036021101 -118.4963847574826
 -238.4151095352523 -186.01970521365271
 -263.25449220186579 -195.93414148566677
 -215.95337265635146 -197.51711878262111
 -275.96233232761369 -194.89928202917946
 -232.52361225495463 -212.23426712692589
 -184.15489775968697 -205.78301003191586
 -259.68980148165804 -186.68619437538268
 -213.2236556605832 -209.72644783646575
 -256.21717111021218 -194.53138308888944
 -212.03020791355618 -209.02230915334638
 -233.3942474052227 -245.41976670376462
 -231.42125738122397 -184.75702359605441
 -273.07331580948113 -180.1544816166541
 -282.56816624216316 -251.19975256148612
 -237.07091319368038 -201.35356899698587
 -271.79020444347907 -233.78508080397677
 -234.56938812776838 -258.00267173170857
 -276.3650202377766 -252.35154394735827
 -226.47004558837202 -248.27319276696551
 -227.07074923651078 -242.34719036528674
 -311.03703222244178 -240.34789599695415
 -287.10848724528404 -265.34841566260377
 -278.65457680782845 -287.94000707756663
 -228.1062858344132 -232.8258245599535
 -232.49047888948525 -238.62749175302088
 -174.17166974955222 -225.17350265176452
 -273.09544027693471 -245.0327669587239
 -230.5983833061604 -187.98511022316606
 -334.22903996404091 -297.95598461085899
 -310.93732171123736 -270.69406077221282
 -291.96418007647037 -249.67333921229221
 -247.95391609737271 -283.5931031435133
 -320.88040448878496 -311.992783617329
 -302.66795136590525 -242.74292825933225
 -280.00348666816853 -240.73988381463869
 -259.35635658824134 -282.2975308595
 -275.30431560852315 -168.61584899773146
 -332.93535685758349 -284.24287035405672
 -321.38910979638194 -328.30725958388325
 -291.62753823805735 -315.33924386503861
 -258.56889210696107 -272.3902927325716
 -277.28424960665814 -223.60287467886195
 -281.23949453636567 -331.84827520171405
 -306.81657485039233 -288.6261533467075
 -285.20324102064035 -275.91584923106825
 -300.22889569931118 -263.2230779126354
 -327.88607745392972 -238.08184568098116
 -303.84085523503495 -308.42162679828959
 -314.79670072220392 -329.02713413733562
 -310.89715461333333 -305.16396661847244
 -283.93638744700434 -295.98767229172995
 -313.89990342389405 -258.92734496029556
 -299.06269256672408 -310.05860824172964
 -298.92475651593668 -302.39722042459454
 -306.7247243353533 -297.64417269928498
 -328.00676840299002 -295.98122753363828
 -311.74979737589518 -288.12885472813184
 -296.74330372522604 -314.37580846054107
 -323.02812438358444 -306.3445779283731
 -308.91981111985149 -295.52782906715538
 -247.87596588245606 -260.95082182729334
 -319.36594840531865 -323.29038202228134
 -328.39949467365818 -314.00467564233713
 -315.05819277037085 -320.61212213529313
 -300.40809855904251 -308.89056892372923
 -296.27799383552184 -267.32988185580479
 -300.39474729339003 -318.39457701176758
 -322.72795816385826 -325.09774060320541
 -303.31785074332424 -281.64830580848411
 -319.34867423164286 -337.04239860826971
 -324.18563348166123 -327.9436518690581
 -317.16313188229111 -327.32784155804256
 -323.30152792825447 -301.9331575970424
 -324.99257564172223 -314.88191368534126
 -312.14662839328844 -334.9633736040978
 -290.71193894337625 -327.47703594643752
 -313.66844967863176 -306.12886274802031
 -284.20676023759614 -247.99022469534162
 -298.92903282582466 -329.35879301859262
 -297.32160601657017 -326.42012673643467
 -302.04117561074816 -326.8343199903681
 -309.14359212899689 -306.26645876031074
 -308.74736929070673 -334.43626811881711
 -295.37243119929792 -312.42454589310046
 -318.53230394045005 -310.3900538996819
 -326.10952294762637 -288.91602953462808
 -308.35187153807283 -277.0392516460484
 -324.02970407672404 -261.06248024131122
 -304.30448192773991 -306.76635270107636
 -317.08250868072753 -320.30282570408224
 -315.52012575707755 -305.14277766606352
 -311.39159895167444 -320.00985936825487
 -308.20627269330345 -313.91936287405201
 -305.74930438161653 -305.08049287770604
 -293.27951985592711 -303.05282961858933
 -299.25530787072682 -321.20744151234658
 -317.65618544148845 -316.67707421584004
 -302.44255562895398 -305.44441354478306
 -311.85014772582127 -310.25690441633765
 -305.4382994953757 -316.09490928347913
 -313.03593882376532 -314.73609707250068
 -320.16486518949409 -299.36382857865306
 -303.3944210510748 -328.57526740539885
 -321.91529544749869 -321.6811513192099
 -306.96658075049652 -311.99237958893565
 -316.11544167297404 -315.92066573705546
 -297.47711467134019 -304.48053692213381
 -316.2181037456686 -320.85543881181695
 -311.20217350751756 -322.25353777003204
 -317.14049782395176 -324.9307251832646
 -309.81677128931074 -298.31855307172111
 -314.85381862770555 -314.23191399776823
 -308.69902222626831 -312.69558884807219
 -317.68519732554677 -309.81212811431027
 -310.51025876072367 -295.09725684698913
 -317.22690472749753 -317.60851236027389
 -309.43134088371318 -304.27863962111468
 -314.8291312368226 -316.63358785649439
 -304.91147812336681 -311.07155168045551
 -313.04369346599844 -314.00413507813488
 -312.6213989485903 -315.15041682560445
 -310.37827056740321 -315.76209950522338
 -310.26108835804337 -311.37076893931885
 -307.46340586451691 -317.24166877669433
 -307.96007418496157 -311.23081127737129
 -305.80462206189094 -312.74160027693461
 -305.46946861441984 -310.47967723359727
 -302.80340864031336 -309.49582592639217
 -302.82323292772634 -315.5293773187791
