# Created by Octave 6.1.0, Mon Mar 15 21:52:40 2021 GMT <unknown@DESKTOP-JMCGEED>
# name: Q
# type: matrix
# rows: 900
# columns: 2
 0.13683018550907111 0.9683253403893487
 0.53025208070609819 0.13811777038439665
 0.67172199303881974 0.44323826827628732
 0.61345497264824711 0.71889764133300194
 0.19864800317642228 0.18354240530664878
 0.28707422602623722 0.40690376151084573
 0.5120937463997467 0.51503806204095459
 0.063360530625987788 0.28476137232543364
 0.27548134255341172 0.46844219936222109
 0.83450186683329364 0.45244646212526496
 0.17562250478333397 0.45435147756906347
 0.16937200433895772 0.70628049035562213
 0.67687371048404876 0.98627300694120767
 0.67262552831949463 0.98162223186044451
 0.58590804507501548 0.96547916323498195
 0.33082503740405234 0.71189293623718997
 0.26066978868743518 0.49415813854662327
 0.98171525293020445 0.56245030979842936
 0.87692830388253518 0.48179554676652647
 0.80138629250273985 0.8746336495733249
 0.47429584388055279 0.15324052492940643
 0.18667111729178776 0.026539498882456547
 0.34379709813607229 0.38376135196423555
 0.53152138858705145 0.49128030612608486
 0.89287413297133245 0.63481160905351686
 0.49075087627963476 0.70004228928324708
 0.33591791845183927 0.82265951019563444
 0.71952295334652983 0.51030105163807937
 0.039862961553050247 0.010344778919770592
 0.8968461411644576 0.099225214291652652
 0.92143820080539851 0.024300264837268215
 0.096884463974803547 0.41809434113954502
 0.51835784292539389 0.22318887975093793
 0.058331960084868073 0.27199601580315413
 0.87784935073067027 0.089972928985243783
 0.28509100173613988 0.55185422202870005
 0.051505830784013162 0.29404016725205873
 0.88462874645301093 0.65992698670279082
 0.89713294391024345 0.60130625213404376
 0.059649603756380731 0.12997320476906071
 0.88951375427492341 0.65053883567641235
 0.3191621960396448 0.93596993874535395
 0.17237493996410902 0.86513446246231651
 0.89249118133224126 0.2560537852171364
 0.56925451710848007 0.39801195090241492
 0.6660418207615203 0.44462458586765952
 0.11256660495356419 0.075074975395797772
 0.87387119419393822 0.63451187138473664
 0.24041460059103581 0.55514005152745705
 0.43391786507218932 0.024416421715482084
 0.78726954321991338 0.8079115587422715
 0.46499512329036063 0.48408438378305985
 0.17056256424421712 0.48702602353095903
 0.1190730622495112 0.46871081312999363
 0.36618912704777162 0.63986920741741871
 0.34397082584635863 0.77864939043031023
 0.63572532834313478 0.34771932369659975
 0.46871631096109356 0.25826891848042555
 0.24536173896741009 0.13441577429239515
 0.23791024992163834 0.85872223474121989
 0.74804673893544582 0.10150930330171926
 0.54795841063081763 0.7343857773618685
 0.27034874996907221 0.56411454807041861
 0.096953973128997006 0.7396953948827385
 0.59635383119482976 0.54768724116600354
 0.47576192617472735 0.78586506966090863
 0.32155320397289466 0.14675563397468849
 0.92575660713657992 0.029362358462300397
 0.5743340038914807 0.59489919403600833
 0.871989876669647 0.98963890718745495
 0.22235239208432445 0.4551694831472044
 0.78774727524406418 0.91075177363521675
 0.30515678835775306 0.43952652850452567
 0.31883227195403929 0.029383026136059032
 0.40149180007429208 0.20382745467961538
 0.82042673320182236 0.70514704184912713
 0.36670271815135969 0.33603766193063378
 0.29789669648685302 0.75801509347743046
 0.78296494153954244 0.19543840507917121
 0.87091370686477243 0.97207343912280053
 0.52450028331238918 0.75288754644533096
 0.78380491845376499 0.78657177508007947
 0.91202376803879304 0.21771489289602475
 0.10147769763194203 0.84945145976837788
 0.32083124702271892 0.5037088260852064
 0.023927026294436771 0.49027440061042116
 0.79471367674693183 0.83039333982577002
 0.02274873213355677 0.30458614318503452
 0.87795467527942661 0.024645462105753801
 0.78090942048601419 0.61401230492240988
 0.721783491792787 0.55783071697148379
 0.56545160723291088 0.91381495897318266
 0.48789280881177666 0.0097489861077409978
 0.93701859263895082 0.44485668523014033
 0.41519725828019438 0.068269440890582733
 0.79052526716364657 0.58482559681285684
 0.12190906696407211 0.59180664099084124
 0.46710327488065628 0.39468734089005297
 0.85573392606385179 0.27008393472000025
 0.52081296720454029 0.91658137600440281
 0.56838844363215557 0.35720890567874719
 0.95377663808588597 0.70705668723549386
 0.70917727396109398 0.68274053085144837
 0.92337528514316469 0.49521174574400506
 0.77673994485124254 0.53937575432340368
 0.68999320897526595 0.016862980278425921
 0.23273117845892655 0.77094665126415929
 0.072344716230298367 0.5831769761546769
 0.45108275803129616 0.85500528869914527
 0.99490133114981349 0.0079467050261909922
 0.037244663030212011 0.71170940832107055
 0.29766942370608585 0.66131045819611134
 0.63173093434166649 0.76759183506368389
 0.784947845256037 0.76832417496478989
 0.91084516986958131 0.033335240000674116
 0.15883541222578512 0.83132603977558328
 0.19351786843554186 0.53584109255123846
 0.39482054294436209 0.54128280069178358
 0.3582101692819708 0.72867453388050107
 0.94916097519020592 0.041377536189705189
 0.52255313169989592 0.060817273767119318
 0.54634396795858986 0.53142405561257333
 0.51771696198591277 0.6630851350778616
 0.63701976028433516 0.7638574314200085
 0.88304524012655627 0.42573083265431355
 0.87140060401331054 0.97934608346780039
 0.021443460056617125 0.21411011814549574
 0.60878194134767172 0.49591938229687016
 0.39785600041173552 0.99183942743278608
 0.62597451996565856 0.04086210449631289
 0.57778986013798062 0.59743373715173786
 0.41734420803839345 0.28725794465388965
 0.830852030501679 0.25650192010435124
 0.078449806571834979 0.9415823236968407
 0.42897379681088299 0.51540416499407538
 0.35225599940734886 0.7467011217641305
 0.18076781893384775 0.80547788246133667
 0.20894053600724827 0.91272710719263883
 0.70280341132888602 0.53902982240177688
 0.37189848701503281 0.8233967531600912
 0.13874227923636984 0.066057291985629707
 0.24378921254698593 0.44342730619566118
 0.053299036359530594 0.9178820780807434
 0.5596307609484984 0.32832154323941742
 0.45192180816237471 0.2737383108923187
 0.22943606876316869 0.10232842929734309
 0.63197445024843468 0.73918686074362883
 0.16600761132610464 0.71624141844763412
 0.21708361674258081 0.89438715550675274
 0.46963808573650534 0.68168028536516134
 0.95663925155791607 0.12381625584762102
 0.36053887625857317 0.37352338167287391
 0.6984212436325471 0.2212657858095749
 0.31190141043254382 0.24442767306028079
 0.41860145453453568 0.097364305518511496
 0.76335481396778804 0.68372385116620871
 0.55404926070962712 0.16121184339349115
 0.89161061564019706 0.95740383005942031
 0.22947669097435663 0.12821353590202678
 0.053321816479879103 0.94618666187706757
 0.56235141288208945 0.064737660060257718
 0.14120111139655234 0.94192044797958496
 0.48661947817711426 0.62827710678851523
 0.39950074117611933 0.64403908844260094
 0.46699886627373988 0.21310553462616444
 0.038247758636648532 0.11228114838286785
 0.23011450994775939 0.33569005991457379
 0.045372184452671327 0.99953793724992446
 0.086733528452887509 0.90857122694192116
 0.84070560608785494 0.31811974469929982
 0.61379902916109907 0.01408371673534925
 0.4621040264462426 0.65652752399888115
 0.79104694697190481 0.5037076109775086
 0.40902825895789718 0.39192430917155052
 0.758117419851703 0.070778303948609178
 0.2838620792431682 0.75204280195584217
 0.058837548723803312 0.0036296053749461654
 0.046199273676572505 0.86375708510030524
 0.14538677770858899 0.9516390644413566
 0.91800767889859869 0.30894636777662199
 0.26065201143057959 0.41498020563994353
 0.86159612351504478 0.45070981576310287
 -78.857568436817346 0.34504676745690721
 0.086912573019035988 0.62356011608918693
 0.42149921239130661 0.27846684624936691
 0.53544310164309983 0.50465348654018316
 -67.119596512903954 0.034572427235601499
 0.69206758406822044 0.72038927394734109
 0.29407219789331696 0.53259150591794668
 0.091498679060973087 0.39584276553031361
 0.40241446223571464 0.58412655611830933
